+-----+-----+-----+-----+
|     |     |     |     |
|     |  6  |  12 |  9  |
|     |     |     |     |
+-----+-----+-----+-----+
|     |     |     |     |
|  3  |  1  |  2  |  4  |
|     |     |     |     |
+-----+-----+-----+-----+
|     |     |     |     |
|  7  |  8  |  14 |  5  |
|     |     |     |     |
+-----+-----+-----+-----+
|     |     |     |     |
|  11 |  15 |  13 |  10 |
|     |     |     |     |
+-----+-----+-----+-----+
+-----+-----+-----+-----+
|     |     |     |     |
|  6  |     |  12 |  9  |
|     |     |     |     |
+-----+-----+-----+-----+
|     |     |     |     |
|  3  |  1  |  2  |  4  |
|     |     |     |     |
+-----+-----+-----+-----+
|     |     |     |     |
|  7  |  8  |  14 |  5  |
|     |     |     |     |
+-----+-----+-----+-----+
|     |     |     |     |
|  11 |  15 |  13 |  10 |
|     |     |     |     |
+-----+-----+-----+-----+
+-----+-----+-----+-----+
|     |     |     |     |
|  6  |  1  |  12 |  9  |
|     |     |     |     |
+-----+-----+-----+-----+
|     |     |     |     |
|  3  |     |  2  |  4  |
|     |     |     |     |
+-----+-----+-----+-----+
|     |     |     |     |
|  7  |  8  |  14 |  5  |
|     |     |     |     |
+-----+-----+-----+-----+
|     |     |     |     |
|  11 |  15 |  13 |  10 |
|     |     |     |     |
+-----+-----+-----+-----+
+-----+-----+-----+-----+
|     |     |     |     |
|  6  |  1  |  12 |  9  |
|     |     |     |     |
+-----+-----+-----+-----+
|     |     |     |     |
|  3  |  8  |  2  |  4  |
|     |     |     |     |
+-----+-----+-----+-----+
|     |     |     |     |
|  7  |     |  14 |  5  |
|     |     |     |     |
+-----+-----+-----+-----+
|     |     |     |     |
|  11 |  15 |  13 |  10 |
|     |     |     |     |
+-----+-----+-----+-----+
+-----+-----+-----+-----+
|     |     |     |     |
|  6  |  1  |  12 |  9  |
|     |     |     |     |
+-----+-----+-----+-----+
|     |     |     |     |
|  3  |  8  |  2  |  4  |
|     |     |     |     |
+-----+-----+-----+-----+
|     |     |     |     |
|  7  |  14 |     |  5  |
|     |     |     |     |
+-----+-----+-----+-----+
|     |     |     |     |
|  11 |  15 |  13 |  10 |
|     |     |     |     |
+-----+-----+-----+-----+
+-----+-----+-----+-----+
|     |     |     |     |
|  6  |  1  |  12 |  9  |
|     |     |     |     |
+-----+-----+-----+-----+
|     |     |     |     |
|  3  |  8  |  2  |  4  |
|     |     |     |     |
+-----+-----+-----+-----+
|     |     |     |     |
|  7  |  14 |  5  |     |
|     |     |     |     |
+-----+-----+-----+-----+
|     |     |     |     |
|  11 |  15 |  13 |  10 |
|     |     |     |     |
+-----+-----+-----+-----+
+-----+-----+-----+-----+
|     |     |     |     |
|  6  |  1  |  12 |  9  |
|     |     |     |     |
+-----+-----+-----+-----+
|     |     |     |     |
|  3  |  8  |  2  |  4  |
|     |     |     |     |
+-----+-----+-----+-----+
|     |     |     |     |
|  7  |  14 |  5  |  10 |
|     |     |     |     |
+-----+-----+-----+-----+
|     |     |     |     |
|  11 |  15 |  13 |     |
|     |     |     |     |
+-----+-----+-----+-----+
+-----+-----+-----+-----+
|     |     |     |     |
|  6  |  1  |  12 |  9  |
|     |     |     |     |
+-----+-----+-----+-----+
|     |     |     |     |
|  3  |  8  |  2  |  4  |
|     |     |     |     |
+-----+-----+-----+-----+
|     |     |     |     |
|  7  |  14 |  5  |  10 |
|     |     |     |     |
+-----+-----+-----+-----+
|     |     |     |     |
|  11 |  15 |     |  13 |
|     |     |     |     |
+-----+-----+-----+-----+
